gamma(5) = 24
bessel(0.5) = 0.242268
sqrt(-2) = 0 + I1.41421
exp(iPI) = -1 + I1.22465e-16
exp(i) =  0.540302 + I0.841471
i^e =  -0.42822 + I-0.903675
i^i =  0.20788 + I0
float output for 1/9 = 0.1111111119389533996582031double output for 1/9 = 0.1111111111111111049432054Long double output for 1/9 = 0.1111111111111111111096053