PART A
Creating the function and performing the Gram-Schmidt on it
A=
              3              6              7              5              3
              5              6              2              9              1
              2              7              0              9              3
              6              0              6              2              6
              1              8              7              9              2
              0              2              3              7              5

R=
        8.66025         8.0829        8.54478        11.4315        6.69726
              0        11.1206        4.22041        12.6433        1.51671
              0              0        7.49498      -0.272153         3.2518
              0              0              0        5.51307        3.83612
              0              0              0              0        3.39944

Q=
        0.34641       0.287756       0.376993      -0.452664       0.221838
        0.57735       0.119898      -0.458887       0.137711      -0.613213
        0.23094       0.461608      -0.523218      0.0691771       0.643998
        0.69282      -0.503572       0.294235      0.0955673       0.235443
        0.11547        0.63546       0.444488     -0.0423207      -0.300102
              0       0.179847       0.298996       0.872022       0.120539

We can show Qt*Q=1
Qt*Q=
              1    1.38778e-17    4.44089e-16    7.43329e-16   -8.18789e-16
    1.38778e-17              1   -1.80411e-16   -4.44089e-16    5.68989e-16
    4.44089e-16   -1.80411e-16              1   -5.55112e-17    3.46945e-17
    7.43329e-16   -4.44089e-16   -5.55112e-17              1   -1.52656e-16
   -8.18789e-16    5.68989e-16    3.46945e-17   -1.52656e-16              1

I believe this is close to 0 and only isnt due to rounding errors

Checking QR=A
QR=
              3              6              7              5              3
              5              6              2              9              1
              2              7   -4.44089e-16              9              3
              6   -8.88178e-16              6              2              6
              1              8              7              9              2
              0              2              3              7              5

Now time for part 2 GS_solve
b =
         9         2         6         6         4         9         5         0

Qb=
       0.590879      -0.402074      -0.175781       0.289663       0.155296       0.342713       -0.34579       0.336534
      0.0656532       0.220658       0.704937      -0.241687       -0.08262       0.190504      0.0207176       0.590003
       0.525226     -0.0257328      0.0138055      -0.563772      -0.482015       0.111694     -0.0452113      -0.398232
       0.393919     -0.0192996      -0.155733      -0.316884       0.409854      -0.602518       0.348594       0.259345
       0.262613       0.733384      0.0336253       0.139373       0.259519      -0.129811      -0.502055      -0.190703
       0.262613       0.434884      -0.223822       0.322754      -0.142599       0.354019       0.662917       0.050213
        0.19696      -0.233525       0.583212       0.212158       0.421915      0.0836742       0.254352      -0.521361
        0.19696     -0.0842748         0.2374       0.520407      -0.550492      -0.567072     -0.0149957      0.0456725

Rb=
        15.2315        7.94404        9.45406        10.8984        13.5246        14.0498         9.1258        11.2267
              0        6.70017        4.31281       0.660045       0.979132        6.77415        1.12002        4.30059
              0              0        10.5366        6.55987        1.51046        8.44263        6.82322        6.67334
              0              0              0        10.2838        3.21367        1.36384        4.28289        5.74026
              0              0              0              0        4.74535        2.57406        1.98319       0.932667
              0              0              0              0              0         6.1604       -2.81714       -3.31727
              0              0              0              0              0              0        3.83361      -0.152017
              0              0              0              0              0              0              0        4.59182

showing Ax=b
A*x=
         9         2         6         6         4         9         5-1.11022e-15

to check against b
b=
         9         2         6         6         4         9         5         0
As can be seen there has been a large amount of rounding and so Ax and b are not fully equal but they are close enough to show the function works as intended
Part B
A=
              4              8              7              1              7              2
              7              2              2              6              1              0
              6              1              5              9              4              9
              0              9              1              7              7              1
              1              5              9              7              7              6
              7              3              6              5              6              3
Q=
       0.325515       0.494982      0.0928132       -0.68008      -0.153626       0.392821
       0.569652      -0.134794      -0.376807      0.0995437      -0.647309      -0.293983
       0.488273      -0.175122       0.155359       0.483265       0.144593       0.672557
              0        0.75076      -0.471776       0.415695       0.199031     -0.0370232
      0.0813788       0.373999       0.772169       0.304607      -0.272502      -0.300357
       0.569652     -0.0513765      0.0802968      -0.168669       0.650087      -0.464056
R=
        12.2882        6.34755        10.0096        11.5558        8.78892        7.24272
              0        11.9879        6.12817        5.72655        10.1946        2.25449
              0              0         7.6324        1.73443        3.47885        5.98598
              0              0              0        8.46534        1.30215        4.72656
              0              0              0              0        2.24191        1.50837
              0              0              0              0              0        3.60733
Inverse of A =
      0.0632689      0.0371169       0.047718     -0.0229041       -0.11113      0.0445611
       0.188936       0.107349      0.0659062       0.018461     -0.0312447       -0.26734
         0.0185      0.0999701     -0.0895379      -0.106492       0.175308     -0.0588388
      -0.119328      0.0932405     -0.0376366       0.040118      0.0925519     -0.0060151
       -0.14179        -0.2339     -0.0609434      0.0956829     -0.0655295       0.376522
       0.108895     -0.0814961       0.186442     -0.0102633      -0.083263      -0.128643
To check we calculate AB = I = BA
AB =
              1    8.32667e-17    1.11022e-16    1.38778e-16              0   -3.33067e-16
    2.77556e-17              1    2.08167e-16   -4.16334e-17    2.77556e-17    1.66533e-16
   -2.22045e-16              0              1    6.93889e-17   -1.11022e-16    2.22045e-16
    2.63678e-16    2.63678e-16      4.996e-16              1   -5.55112e-16   -1.66533e-16
   -2.22045e-16   -2.22045e-16   -2.22045e-16   -3.60822e-16              1    1.11022e-16
    4.44089e-16    1.11022e-16    1.11022e-16    1.52656e-16   -2.77556e-16              1
BA =
              1      4.996e-16   -1.11022e-16    2.77556e-16    3.33067e-16    1.11022e-16
   -1.11022e-15              1              0   -2.22045e-16   -2.22045e-16              0
   -9.99201e-16    -9.4369e-16              1   -7.21645e-16   -3.33067e-16    2.77556e-16
    3.46945e-17   -7.59809e-16   -7.63278e-17              1   -2.98372e-16    1.83881e-16
    2.22045e-15    1.33227e-15              0    1.77636e-15              1              0
   -4.44089e-16    2.77556e-16   -5.55112e-16   -2.22045e-16   -3.33067e-16              1
