PART A
Proving my jacobi implimentation works
A=
              3              6              0              2              2              9
              6              2              9              6              0              2
              0              9              3              1              2              2
              2              6              1              8              3              8
              2              0              2              3              7              9
              9              2              2              8              9              7
V=
              1              0              0              0              0              0
              0              1              0              0              0              0
              0              0              1              0              0              0
              0              0              0              1              0              0
              0              0              0              0              1              0
              0              0              0              0              0              1
D=
       -10.5178    4.23516e-22    1.17756e-08    2.56614e-09    7.28982e-12    2.06121e-12
     2.2957e-16       -4.91793   -5.39195e-09    7.22974e-13    1.01188e-14   -1.34042e-17
    1.17756e-08   -5.39195e-09        3.55552    5.76869e-13   -9.60624e-18              0
    2.56614e-09    7.23277e-13     5.7687e-13        4.69609              0    9.40677e-09
    7.28936e-12    1.02265e-14     3.9969e-16    2.11172e-16        10.1907    4.38487e-09
    2.06048e-12   -1.20454e-15     7.6377e-17    9.40677e-09    4.38487e-09        26.9934
V=
        0.46998       0.283696      -0.747782     -0.0388004      0.0017189       0.371415
      -0.613084       0.376436     -0.0816529       0.055593       0.604835       0.326865
        0.43644      -0.399828       0.208673        0.50072       0.552861       0.223016
       0.276788       0.090261       0.473097       -0.68425       0.101817       0.461363
       0.037696       0.468536       0.367333       0.525739      -0.463461       0.391052
      -0.367062      -0.624722      -0.178483    -0.00914964      -0.321485       0.582835
I will firstly show V^tAV==D
D=
       -10.5178    4.23516e-22    1.17756e-08    2.56614e-09    7.28982e-12    2.06121e-12
     2.2957e-16       -4.91793   -5.39195e-09    7.22974e-13    1.01188e-14   -1.34042e-17
    1.17756e-08   -5.39195e-09        3.55552    5.76869e-13   -9.60624e-18              0
    2.56614e-09    7.23277e-13     5.7687e-13        4.69609              0    9.40677e-09
    7.28936e-12    1.02265e-14     3.9969e-16    2.11172e-16        10.1907    4.38487e-09
    2.06048e-12   -1.20454e-15     7.6377e-17    9.40677e-09    4.38487e-09        26.9934
V^t AV =
       -10.5178    8.88178e-16    1.17756e-08    2.56614e-09    7.29039e-12    2.06413e-12
    1.33227e-15       -4.91793   -5.39195e-09    7.23005e-13    1.19904e-14    1.77636e-15
    1.17756e-08   -5.39195e-09        3.55552    5.79175e-13    7.77156e-16   -8.88178e-16
    2.56614e-09    7.21853e-13    5.79191e-13        4.69609    1.33227e-15    9.40678e-09
    7.28972e-12    1.16573e-14    5.82867e-16    1.34961e-15        10.1907    4.38487e-09
    2.06457e-12    1.55431e-15   -1.05471e-15    9.40678e-09    4.38487e-09        26.9934
I will now show VDV^t==A
A=
              3              6              0              2              2              9
              6              2              9              6              0              2
              0              9              3              1              2              2
              2              6              1              8              3              8
              2              0              2              3              7              9
              9              2              2              8              9              7
VDV^t=
              3              6   -3.10862e-15              2              2              9
              6              2              9              6     3.9968e-15              2
    -3.9968e-15              9              3              1              2              2
              2              6              1              8              3              8
              2    3.10862e-15              2              3              7              9
              9              2              2              8              9              7
I will now show VV^t==i
V^t V=
              1   -1.38778e-16   -1.94289e-16    1.95156e-17   -2.35922e-16   -1.66533e-16
   -1.38778e-16              1   -1.11022e-16    1.44849e-16   -8.32667e-17   -5.55112e-17
   -1.94289e-16   -1.11022e-16              1    3.81856e-16   -1.52656e-16   -1.80411e-16
    1.95156e-17    1.44849e-16    3.81856e-16              1   -3.07913e-17    2.46331e-16
   -2.35922e-16   -8.32667e-17   -1.52656e-16   -3.07913e-17              1   -1.38778e-16
   -1.66533e-16   -5.55112e-17   -1.80411e-16    2.46331e-16   -1.38778e-16              1
all the checks confirm the implimentation works
