gamma(5) = 24
bessel(0.5) = 0.242268
sqrt(-2) = 0+1.41421
exp((iPI) = -1+1.22465e-16
exp(i) = 0.540302+0.841471
i^e = -0.42822+-0.903675
i^i = 0.20788+0
1/9 as a float = 0.11111111193895339965820311/9 as a double = 0.11111111111111110494320541/9 as a long double = 0.1111111111111111111096053